0.345195484139274
0.215736983931542
2.028995444397358
-1.604517315495276
0.855678862748300
1.186423615862185
-0.590599070546727
0.495655923849781
-0.089001674829908
-1.033427345354133
0.100672296614123
1.668133274847536
-0.399147113958818
0.627519815541087
-1.121339543729967
-0.921659113577035
-1.239045479045431
-1.434684337517096
-0.942524572101712
-0.899643026657790
-0.442063537350273
-1.643538186486197
-0.506853297397439
-0.774918685091994
-0.793732023225738
-0.316836213366420
1.171767507834051
-0.004797875984179
0.421027773475780
1.585497243137548
0.684602384651105
0.129386850199283
1.086017157665617
2.229872637884720
-0.516964714999247
0.848372855268035
-0.813994060777753
-1.248465243774450
-0.677408991534895
-0.073731962694286
-1.961731227203652
-1.598594702909206
-0.057066145147996
0.600563607425254
0.785452724164102
0.437340297669288
-0.179804694225656
0.530015842772918
2.492850202461092
1.976814727522283
-0.059381352244257
1.414432228409321
-0.620583829974353
0.350801627341801
0.144422740310886
0.763297177777454
-1.214938460749091
0.624257037745032
0.168626236003818
0.328758592614489
-1.028611509680290
-0.393576331966511
-1.544140355882098
-0.733862580769127
-0.969899941896622
-0.349626899995995
0.169241310611179
0.847958684341552
-1.069062820365030
0.293622183603844
1.086485560952243
0.961315233187505